0
0
7
2
18
3
22
4
18
3
7
1
-6
-1
-17
-2
-21
-3
-17
-2
-6
0
7
2
18
3
22
4
18
3
7
1
-6
-1
-17
-2
-21
-3
-17
-2
-6
0
7
2
18
3
22
4
18
3
7
2
-6
-1
-17
-2
-21
-3
-17
-2
-6
0
7
2
18
3
22
4
18
3
7
1
-6
-1
-17
-2
-21
-3
-17
-2
-6
0
7
2
18
3
22
4
18
3
7
1
-6
0
-17
-2
-21
-3
-17
-2
-6
-1
7
2
18
3
22
4
18
3
7
1
-6
-1
-17
-2
-21
-3
-17
-2
-6
0
7
1
18
3
22
4
18
3
7
1
-6
0
-17
-2
-21
-3
-17
-2
-6
0
7
2
18
3
22
4
18
3
7
2
-6
-1
-17
-2
-21
-3
-17
-2
-6
0
7
1
18
3
22
4
18
3
7
1
-6
-1
-17
-2
-21
-3
-17
-2
-6
0
7
2
18
3
22
4
18
3
7
2
-6
-1
-17
-2
-21
-3
-17
-2
-6
