0
0
16
2
43
7
53
8
44
7
17
2
-17
-3
-44
-8
-54
-9
-45
-8
-18
-3
16
2
43
7
53
8
44
7
17
2
-17
-3
-44
-8
-54
-9
-45
-8
-18
-3
16
2
43
7
53
9
44
7
17
2
-16
-3
-44
-8
-54
-9
-45
-8
-18
-3
16
2
43
7
53
9
44
7
17
2
-17
-3
-44
-8
-54
-9
-45
-8
-18
-3
16
2
43
7
53
8
44
7
17
2
-17
-3
-44
-8
-54
-9
-45
-8
-18
-3
15
2
43
7
53
8
44
7
17
2
-17
-3
-44
-8
-54
-10
-45
-8
-18
-3
16
2
43
7
53
9
44
7
17
2
-17
-3
-44
-8
-54
-9
-45
-8
-18
-3
16
2
43
7
53
8
44
7
17
2
-16
-3
-44
-8
-54
-10
-45
-8
-18
-3
16
2
43
7
53
9
44
7
17
2
-17
-3
-44
-8
-54
-9
-45
-8
-18
-3
16
2
43
7
53
8
44
7
17
2
-16
-3
-44
-8
-54
-10
-45
-8
-18
