0
8
1
21
2
26
3
21
2
8
1
-9
-3
-23
-4
-28
-5
-23
-4
-10
-2
8
1
21
2
26
3
21
2
8
1
-9
-3
-23
-4
-28
-5
-23
-4
-10
-2
8
1
21
2
26
3
21
2
8
1
-9
-3
-23
-4
-28
-5
-23
-4
-10
-2
8
1
21
2
26
3
21
2
8
1
-9
-3
-23
-4
-28
-5
-23
-4
-10
-2
8
1
21
2
26
3
21
2
8
1
-9
-2
-22
-4
-28
-5
-23
-4
-10
-3
7
1
21
2
26
3
21
2
8
1
-9
-3
-23
-4
-28
-5
-23
-4
-10
-2
8
1
21
2
26
3
21
2
8
1
-9
-2
-22
-4
-28
-5
-23
-4
-10
-2
8
1
21
2
26
3
21
2
8
1
-9
-3
-23
-4
-28
-5
-23
-4
-10
-2
8
1
21
2
26
3
21
2
8
1
-9
-3
-23
-4
-28
-5
-23
-4
-10
-2
8
1
21
2
26
3
21
2
8
1
-9
-3
-23
-4
-28
-5
-23
-4
-10
-3
