0
39
7
105
18
130
21
107
17
42
6
-39
-7
-105
-18
-130
-21
-107
-17
-42
-6
39
7
105
18
130
21
107
17
42
6
-39
-7
-105
-18
-130
-21
-107
-17
-42
-6
39
7
105
18
130
22
107
17
42
7
-38
-7
-105
-18
-130
-21
-107
-17
-42
-6
39
7
105
18
130
22
107
17
42
6
-39
-7
-105
-18
-130
-21
-107
-17
-42
-6
39
7
105
18
130
21
107
17
42
6
-39
-6
-104
-17
-130
-21
-107
-18
-42
-7
38
7
105
17
130
21
107
17
42
6
-39
-7
-105
-18
-130
-22
-107
-18
-42
-6
39
6
104
18
130
22
107
18
42
6
-39
-6
-104
-17
-130
-21
-107
-18
-42
-6
39
7
105
18
130
21
107
17
42
7
-38
-7
-105
-18
-130
-22
-107
-17
-42
-6
39
6
104
18
130
22
107
18
42
6
-39
-7
-105
-17
-130
-21
-107
-17
-42
-6
39
7
105
17
130
21
107
18
42
7
-38
-7
-105
-17
-130
-22
-107
-17
-42
-7
