0
39
1
104
2
128
1
104
1
40
0
-40
-1
-104
-2
-128
-1
-104
-1
-40
0
39
1
104
2
128
1
104
1
40
0
-40
-1
-104
-2
-128
-1
-104
-1
-40
0
39
1
104
2
128
2
104
1
40
1
-39
-1
-104
-2
-128
-1
-104
-1
-40
0
39
1
104
2
128
2
104
1
40
0
-40
-1
-104
-2
-128
-1
-104
-1
-40
0
39
1
104
2
128
1
104
1
40
0
-40
0
-104
-1
-128
-1
-104
-2
-40
-1
39
1
104
1
128
1
104
1
40
0
-40
-1
-104
-2
-128
-2
-104
-2
-40
0
39
0
103
2
128
2
104
2
40
0
-40
0
-104
-1
-128
-1
-104
-2
-40
0
39
1
104
2
128
1
104
1
40
1
-39
-1
-104
-2
-128
-2
-104
-1
-40
0
39
0
103
2
128
2
104
2
40
0
-40
-1
-104
-1
-128
-1
-104
-1
-40
0
39
1
104
1
128
1
104
2
40
1
-39
-1
-104
-1
-128
-2
-104
-1
-40
-1
