16
18
44
48
59
59
30
48
21
17
-17
-21
-50
-54
-64
-64
-36
-54
-26
-23
12
16
44
48
59
59
30
48
21
17
-17
-21
-50
-54
-64
-64
-36
-54
-26
-23
12
16
44
48
59
60
32
48
21
18
-15
-21
-50
-54
-64
-64
-36
-54
-26
-23
12
16
44
48
59
60
32
48
21
17
-17
-21
-50
-54
-64
-64
-36
-54
-26
-23
12
16
44
48
59
59
30
48
21
17
-17
-20
-48
-53
-62
-64
-36
-55
-28
-24
10
16
44
47
57
58
30
48
21
17
-17
-21
-50
-54
-64
-65
-38
-55
-28
-23
12
15
42
48
59
60
32
49
23
18
-17
-20
-48
-53
-62
-64
-36
-55
-28
-23
12
16
44
48
59
59
30
48
21
18
-15
-21
-50
-54
-64
-65
-38
-54
-26
-23
12
15
42
48
59
60
32
49
23
18
-17
-21
-50
-53
-62
-64
-36
-54
-26
-23
12
16
44
47
57
58
30
49
23
19
-15
-21
-50
-53
-62
-65
-38
-54
